gain_clover = \
0.9336465061655908	0.8697079094191011	0.9386068476977566	0.9462032849321589 \
0.37731371618414816	0.3609370743666576	0.36751958948755276	0.36927793390157243 \
0.868377935554341	1.0324675324675325	0.831242158092848	0.8853499638064484 \
0.38409508165040085	0.39237944820097714	0.5612424991175436	0.5387273836145562 \
0.8409583752049511	0.8499492168706907	0.7975121633144397	0.8036797412050146 \
0.6189419595936005	0.552908856973954	0.5960413855150696	0.37422331011109067 \
1	1	1	1 \
0.3674601340420613	0.3810482421453736	0.5893254262416607	0.5230091115423839 \
0.36038077969174975	0.37219972377630556	0.3565262237370229	0.3619312103070724 \
1	1	1	1

shift_clover = \
-1.9567821491493356	-2.4189366590094687	8.836540731995358	-5.420495120209429 \
2.636995728523809	2.7409425224731647	2.214894944872412	2.724992451865686 \
-0.03096668487027082	10.999090909090597	5.911072772898688	3.2225068210920718 \
2.2935549328442058	4.242880410641321	3.471655488880094	1.526529782475364 \
4.521975987728702	0.1720746244712791	7.762953302905396	1.4519308532139472 \
2.0794114212305965	1.8837500434680907	1.784637876743511	3.151736961022684 \
0	0	0	0 \
4.164432632309335	7.9564310877846545	2.4464788732388656	1.7315548830620735 \
3.5319356300996363	2.282988834008398	2.691974796510072	2.8365846441009914 \
0	0	0	0

gain_labrL = \
1.12550435337	0.997428015808	0.829983817926	1.22283235661	1.25814032617	1.22790352849

shift_labrL = \
-2.52176682948	-3.76557305062	-12.3828887613	-12.9810807069	-4.09470077625	-10.5160438338

gain_labrS = \
0.939938519745	1.35253536582	1.11837940494	1.13070686958	0.905054644809	0.911801812134

shift_labrS = \
20.1842043036	-5.40184761435	12.0327073222	-0.221447873702	16.9284494536	34.077474481

gain_ring = \
2.0503342730780934	2.170217816489636	2.044740453480558	2.0233785419447705	2.0382606186621164	2.030019810855631	2.0219787714021042	2.013065452135196 \
2.040758028460339	2.035509193994128	2.0424693798056452	2.0252726359358424	2.045699177311002	2.051760515888501	2.038281974862487	2.04197796110584 \
1	2.9210626338614176	2.0174540538247188	2.763953362375004	2.047316867863063	2.704009095342898	2.0636106416819904	2.6592092944989503 \
2.07967810525513	2.6942672428203855	2.021150002311547	2.7251150796772956	2.0066372471286043	2.6236083765204894	2.029583710381906	2.6975215950317772 \
2.044339491550431	2.6617213055618474	2.0287598629080454	2.7271430678854234	2.0596672802882727	2.78305626298235	2.007311983943927	2.594510615947874 \
2.0258166011261016	2.7212109419575414	2.039087911841913	2.731830477097104	2.00408562112262	2.7603960294247964	1	2.6798349328908566

shift_ring = \
138.46813268183163	192.0041647355366	138.9405791419283	144.98684990511893	142.07075908308198	142.61567839182774	144.14027807459968	147.60610430967117 \
147.94358461150878	149.50528688438095	151.687528363849	155.60033429311082	154.41121823922794	156.5664730710536	148.84791466637674	152.52320645738928 \
0	250.08534286434394	203.67045933352443	223.97992567354098	200.79208550250684	225.0598862390929	198.7547626985106	211.6175767185373 \
192.55295059606533	211.20074507681542	190.50175211638	204.66393904442847	197.73626533325478	197.63983156687684	179.29839120376027	193.54093103913638 \
177.73970765855302	188.22499823985814	180.03436345466255	188.154060527659	169.76732413128912	184.94773220627332	177.83796333625557	171.18883938697684 \
160.0168359313402	167.81188704363996	160.7300786154324	166.82981642670651	153.38718878751115	165.91852147948416	0	165.41276731083747

gain_sect = \
2.496271149850232	2.5283889915620157	2.54873622452507	2.546433351577084	2.546881129996612	2.500740669197718	2.5389010579033835	2.482322405911104	2.500983669715117	2.5430271948012533	2.5350754636403607	2.493574037796546	2.502597402070417	2.5788805592177044	2.5436340300663436	2.556784377564469

shift_sect = \
176.20495302641262	173.0066030580334	171.53029872941045	168.45814632826765	164.3080273335891	164.90950370687895	156.81304475477606	159.87456431405852	159.55088880943526	159.8086572002757	174.87243664616733	170.08801563039617	170.99165219952346	178.2311727841108	174.51208136075266	168.2080048162094

gain_back = \
1.2258535614185058	1.2242221568339453	1.1946022991803056	1.2341299684066196	1.2122592203756368	1.2224477339365818	1.242566379485279	1.2051857337039986	1.1843922908570748	1.1973368906502475	1.2128615452565563	1.2473694457338569	1.2503370583354017	1.189342579452803	1.2225392411519125	1.235319759252225

shift_back = \
131.6608824780128	128.3730081217359	143.79939822522329	134.56014456675393	137.64176598108045	140.4335379096797	125.48937665917586	133.6141323782526	122.08073782246584	121.28831502787489	115.06096908165455	121.28487575909779	115.516815689261	114.98186095679196	119.43555470967522	113.95463271059543

clover_addback_gate = -400 200

shift_t_labrS = 0 -2.01652e+00 5.5 8.5 1.5 9